 1007916400 
 1007916401 
 1007916402 
 1007916403 
 1007916404 
 1007916405 
 1007916406 
 1007916407 
 1007916408 
 1007916409 
 1007916410 
 1007916411 
 1007916412 
 1007916413 
 1007916414 
 1007916417 
 1007916415 
 1007916416 
 1007916418 
 1007916419 
 1007916420 
 1007916421 
 1007916422 
 1007916423 
 1007916424 
 1007916425 
 1007916426 
 1007916427 
 1007916428 
 1007916429 
 1007916430 
 1007916431 
 1007916432 
 1007916433 
 1007916434 
 1007916435 
 1007916436 
 1007916437 
 1007916438 
 1007916439 
 1007916440 
 1007916441 
 1007916442 
 1007916443 
 1007916444 
 1007916445 
 1007916446 
 1007916447 
 1007916448 
 1007916449 
 1007916450 
 1007916451 
 1007916452 
 1007916453 
 1007916454 
 1007916455 
 1007916456 
 1007916457 
 1007916458 
 1007916459 
 1007916460 
 1007916461 
 1007916462 
 1007916463 
 1007916464 
 1007916465 
 1007916466 
 1007916467 
 1007916468 
 1007916469 
 1007916470 
 1007916471 
 1007916472 
 1007916473 
 1007916474 
 1007916475 
 1007916476 
 1007916477 
 1007916478 
 1007916479 
 1007916480 
 1007916481 
 1007916482 
 1007916483 
 1007916484 
 1007916485 
 1007916486 
 1007916487 
 1007916488 
 1007916489 
 1007916490 
 1007916491 
 1007916492 
 1007916493 
 1007916494 
 1007916495 
 1007916496 
 1007916497 
 1007916498 
 1007916499 
 1007916500 
 1007916501 
 1007916502 
 1007916503 
 1007916504 
 1007916505 
 1007916506 
 1007916507 
 1007916508 
 1007916509 
 1007916510 
 1007916511 
 1007916512 
 1007916513 
 1007916514 
 1007916515 
 1007916516 
 1007916517 
 1007916518 
 1007916519 
 1007916520 
 1007916521 
 1007916522 
 1007916523 
 1007916524 
 1007916525 
 1007916526 
 1007916527 
 1007916528 
 1007916529 
 1007916530 
 1007916531 
 1007916532 
 1007916533 
 1007916534 
 1007916535 
 1007916536 
 1007916537 
 1007916538 
 1007916539 
 1007916540 
 1007916541 
 1007916542 
 1007916543 
 1007916544 
 1007916545 
 1007916546 
 1007916547 
 1007916548 
 1007916549 
 1007916550 
 1007916551 
 1007916552 
 1007916553 
 1007916554 
 1007916555 
 1007916556 
 1007916557 
 1007916558 
 1007916559 
 1007916560 
 1007916561 
 1007916593 
 1007916594 
 1007916595 
 1007916596 
 1007916597 
 1007916598 
 1007916599 
 1007916600 
 1007916601 
 1007916580 
 1007916581 
 1007916582 
 1007916583 
 1007916584 
 1007916585 
 1007916586 
 1007916587 
 1007916588 
 1007916589 
 1007916590 
 1007916591 
 1007916592 
 1007916565 
 1007916566 
 1007916567 
 1007916568 
 1007916569 
 1007916570 
 1007916571 
 1007916572 
 1007916573 
 1007916574 
 1007916575 
 1007916576 
 1007916577 
 1007916578 
 1007916579 
 1007916564 
 1007916563 
 1007916562 
